15 0.118729 0.666667 0.083612 0.166667
15 0.290970 0.636905 0.086957 0.083333
15 0.423077 0.538690 0.063545 0.089286
15 0.580268 0.464286 0.056856 0.107143
15 0.688963 0.360119 0.046823 0.113095
15 0.790970 0.300595 0.063545 0.125000
15 0.938127 0.279762 0.050167 0.119048
15 0.586957 0.851190 0.050167 0.178571
15 0.754181 0.776786 0.083612 0.077381
15 0.906355 0.595238 0.066890 0.142857
15 0.229097 0.220238 0.063545 0.142857
15 0.404682 0.193452 0.060201 0.113095
15 0.581940 0.125000 0.073579 0.119048
15 0.792642 0.089286 0.093645 0.142857
